cell                                  meas    pred |   m.load   m.comp    m.epi   m.bar |     F-NL     F-NC |   ld x  cmp x
tc_gemm large/c1                     296.4   332.7 |     94.2    127.4    167.9     3.5 |    105.3    111.8 |   1.12   0.88
tc_gemm large/c2                     368.9   429.5 |    205.3    127.6    167.9     2.5 |    187.1    124.1 |   0.91   0.97
tc_gemm medium/c1                     56.7    44.9 |     19.9     23.4      1.4     1.3 |     24.4     29.8 |   1.22   1.27
tc_gemm medium/c2                     32.1    20.3 |     14.0      8.0      0.5     0.9 |     14.1      7.0 |   1.01   0.88
tc_gemm small/c1                      15.6    12.7 |      4.9      5.8      1.4     0.3 |      5.7      7.4 |   1.17   1.26
tc_gemm small/c2                       7.5     7.5 |      4.9      1.5      0.3     0.2 |      3.9      2.7 |   0.80   1.86
attn_fwd large/c1                   1261.1  1106.5 |    553.4    510.4     89.6     5.0 |    532.6    640.7 |   0.96   1.26
attn_fwd large/c2                   1080.2   842.8 |    283.1    510.4     89.6     7.0 |    323.8    735.6 |   1.14   1.44
attn_fwd medium/c1                    89.3    68.6 |     35.2     31.9      1.9     0.5 |     34.9     39.7 |   0.99   1.25
attn_fwd medium/c2                    75.2    52.0 |     18.1     31.9      1.9     0.6 |     21.1     47.0 |   1.16   1.47
attn_fwd small/c1                     11.7     7.4 |      3.2      2.9      0.3     0.1 |      2.9      4.8 |   0.89   1.64
attn_fwd small/c2                     15.3    11.0 |      3.6      5.9      0.7     0.2 |      3.9      8.5 |   1.09   1.45
